model=task2_ssm
test_loss=7.057566
perplexity=1161.614614